4 -1
3 3
3 1
4 -1

2 5
3 3
3 1
2 5

3 1
2 5
2 3
3 1

1 7
2 5
2 3
1 7

2 3
1 7
1 5
2 3

5.51091e-16 9
1 7
1 5
5.51091e-16 9

1 5
5.51091e-16 9
4.28626e-16 7
1 5

-1 11
5.51091e-16 9
4.28626e-16 7
-1 11

4.28626e-16 7
-1 11
-1 9
4.28626e-16 7

-2 13
-1 11
-1 9
-2 13

-1 9
-2 13
-2 11
-1 9

-3 15
-2 13
-2 11
-3 15

-2 11
-3 15
-3 13
-2 11

-4 17
-3 15
-3 13
-4 17

-3 13
-4 17
-4 15
-3 13

-5 19
-4 17
-4 15
-5 19

-4 15
-5 19
-5 17
-4 15

-6 21
-5 19
-5 17
-6 21

-5 17
-6 21
-6 19
-5 17

-7 23
-6 21
-6 19
-7 23

3 3
2 7
2 5
3 3

1 9
2 7
2 5
1 9

2 5
1 9
1 7
2 5

6.73556e-16 11
1 9
1 7
6.73556e-16 11

1 7
6.73556e-16 11
5.51091e-16 9
1 7

-1 13
6.73556e-16 11
5.51091e-16 9
-1 13

5.51091e-16 9
-1 13
-1 11
5.51091e-16 9

-2 15
-1 13
-1 11
-2 15

-1 11
-2 15
-2 13
-1 11

-3 17
-2 15
-2 13
-3 17

-2 13
-3 17
-3 15
-2 13

-4 19
-3 17
-3 15
-4 19

-3 15
-4 19
-4 17
-3 15

-5 21
-4 19
-4 17
-5 21

-4 17
-5 21
-5 19
-4 17

-6 23
-5 21
-5 19
-6 23

-5 19
-6 23
-6 21
-5 19

-7 25
-6 23
-6 21
-7 25

-6 21
-7 25
-7 23
-6 21

-8 27
-7 25
-7 23
-8 27

2 7
1 11
1 9
2 7

7.9602e-16 13
1 11
1 9
7.9602e-16 13

1 9
7.9602e-16 13
6.73556e-16 11
1 9

-1 15
7.9602e-16 13
6.73556e-16 11
-1 15

6.73556e-16 11
-1 15
-1 13
6.73556e-16 11

-2 17
-1 15
-1 13
-2 17

-1 13
-2 17
-2 15
-1 13

-3 19
-2 17
-2 15
-3 19

-2 15
-3 19
-3 17
-2 15

-4 21
-3 19
-3 17
-4 21

-3 17
-4 21
-4 19
-3 17

-5 23
-4 21
-4 19
-5 23

-4 19
-5 23
-5 21
-4 19

-6 25
-5 23
-5 21
-6 25

-5 21
-6 25
-6 23
-5 21

-7 27
-6 25
-6 23
-7 27

-6 23
-7 27
-7 25
-6 23

-8 29
-7 27
-7 25
-8 29

-7 25
-8 29
-8 27
-7 25

-9 31
-8 29
-8 27
-9 31

1 11
9.18485e-16 15
7.9602e-16 13
1 11

-1 17
9.18485e-16 15
7.9602e-16 13
-1 17

7.9602e-16 13
-1 17
-1 15
7.9602e-16 13

-2 19
-1 17
-1 15
-2 19

-1 15
-2 19
-2 17
-1 15

-3 21
-2 19
-2 17
-3 21

-2 17
-3 21
-3 19
-2 17

-4 23
-3 21
-3 19
-4 23

-3 19
-4 23
-4 21
-3 19

-5 25
-4 23
-4 21
-5 25

-4 21
-5 25
-5 23
-4 21

-6 27
-5 25
-5 23
-6 27

-5 23
-6 27
-6 25
-5 23

-7 29
-6 27
-6 25
-7 29

-6 25
-7 29
-7 27
-6 25

-8 31
-7 29
-7 27
-8 31

-7 27
-8 31
-8 29
-7 27

-9 33
-8 31
-8 29
-9 33

-8 29
-9 33
-9 31
-8 29

-10 35
-9 33
-9 31
-10 35

9.18485e-16 15
-1 19
-1 17
9.18485e-16 15

-2 21
-1 19
-1 17
-2 21

-1 17
-2 21
-2 19
-1 17

-3 23
-2 21
-2 19
-3 23

-2 19
-3 23
-3 21
-2 19

-4 25
-3 23
-3 21
-4 25

-3 21
-4 25
-4 23
-3 21

-5 27
-4 25
-4 23
-5 27

-4 23
-5 27
-5 25
-4 23

-6 29
-5 27
-5 25
-6 29

-5 25
-6 29
-6 27
-5 25

-7 31
-6 29
-6 27
-7 31

-6 27
-7 31
-7 29
-6 27

-8 33
-7 31
-7 29
-8 33

-7 29
-8 33
-8 31
-7 29

-9 35
-8 33
-8 31
-9 35

-8 31
-9 35
-9 33
-8 31

-10 37
-9 35
-9 33
-10 37

-9 33
-10 37
-10 35
-9 33

-11 39
-10 37
-10 35
-11 39

-1 19
-2 23
-2 21
-1 19

-3 25
-2 23
-2 21
-3 25

-2 21
-3 25
-3 23
-2 21

-4 27
-3 25
-3 23
-4 27

-3 23
-4 27
-4 25
-3 23

-5 29
-4 27
-4 25
-5 29

-4 25
-5 29
-5 27
-4 25

-6 31
-5 29
-5 27
-6 31

-5 27
-6 31
-6 29
-5 27

-7 33
-6 31
-6 29
-7 33

-6 29
-7 33
-7 31
-6 29

-8 35
-7 33
-7 31
-8 35

-7 31
-8 35
-8 33
-7 31

-9 37
-8 35
-8 33
-9 37

-8 33
-9 37
-9 35
-8 33

-10 39
-9 37
-9 35
-10 39

-9 35
-10 39
-10 37
-9 35

-11 41
-10 39
-10 37
-11 41

-10 37
-11 41
-11 39
-10 37

-12 43
-11 41
-11 39
-12 43

-2 23
-3 27
-3 25
-2 23

-4 29
-3 27
-3 25
-4 29

-3 25
-4 29
-4 27
-3 25

-5 31
-4 29
-4 27
-5 31

-4 27
-5 31
-5 29
-4 27

-6 33
-5 31
-5 29
-6 33

-5 29
-6 33
-6 31
-5 29

-7 35
-6 33
-6 31
-7 35

-6 31
-7 35
-7 33
-6 31

-8 37
-7 35
-7 33
-8 37

-7 33
-8 37
-8 35
-7 33

-9 39
-8 37
-8 35
-9 39

-8 35
-9 39
-9 37
-8 35

-10 41
-9 39
-9 37
-10 41

-9 37
-10 41
-10 39
-9 37

-11 43
-10 41
-10 39
-11 43

-10 39
-11 43
-11 41
-10 39

-12 45
-11 43
-11 41
-12 45

-11 41
-12 45
-12 43
-11 41

-13 47
-12 45
-12 43
-13 47

-3 27
-4 31
-4 29
-3 27

-5 33
-4 31
-4 29
-5 33

-4 29
-5 33
-5 31
-4 29

-6 35
-5 33
-5 31
-6 35

-5 31
-6 35
-6 33
-5 31

-7 37
-6 35
-6 33
-7 37

-6 33
-7 37
-7 35
-6 33

-8 39
-7 37
-7 35
-8 39

-7 35
-8 39
-8 37
-7 35

-9 41
-8 39
-8 37
-9 41

-8 37
-9 41
-9 39
-8 37

-10 43
-9 41
-9 39
-10 43

-9 39
-10 43
-10 41
-9 39

-11 45
-10 43
-10 41
-11 45

-10 41
-11 45
-11 43
-10 41

-12 47
-11 45
-11 43
-12 47

-11 43
-12 47
-12 45
-11 43

-13 49
-12 47
-12 45
-13 49

-12 45
-13 49
-13 47
-12 45

-14 51
-13 49
-13 47
-14 51

-4 31
-5 35
-5 33
-4 31

-6 37
-5 35
-5 33
-6 37

-5 33
-6 37
-6 35
-5 33

-7 39
-6 37
-6 35
-7 39

-6 35
-7 39
-7 37
-6 35

-8 41
-7 39
-7 37
-8 41

-7 37
-8 41
-8 39
-7 37

-9 43
-8 41
-8 39
-9 43

-8 39
-9 43
-9 41
-8 39

-10 45
-9 43
-9 41
-10 45

-9 41
-10 45
-10 43
-9 41

-11 47
-10 45
-10 43
-11 47

-10 43
-11 47
-11 45
-10 43

-12 49
-11 47
-11 45
-12 49

-11 45
-12 49
-12 47
-11 45

-13 51
-12 49
-12 47
-13 51

-12 47
-13 51
-13 49
-12 47

-14 53
-13 51
-13 49
-14 53

-13 49
-14 53
-14 51
-13 49

-15 55
-14 53
-14 51
-15 55

-5 35
-6 39
-6 37
-5 35

-7 41
-6 39
-6 37
-7 41

-6 37
-7 41
-7 39
-6 37

-8 43
-7 41
-7 39
-8 43

-7 39
-8 43
-8 41
-7 39

-9 45
-8 43
-8 41
-9 45

-8 41
-9 45
-9 43
-8 41

-10 47
-9 45
-9 43
-10 47

-9 43
-10 47
-10 45
-9 43

-11 49
-10 47
-10 45
-11 49

-10 45
-11 49
-11 47
-10 45

-12 51
-11 49
-11 47
-12 51

-11 47
-12 51
-12 49
-11 47

-13 53
-12 51
-12 49
-13 53

-12 49
-13 53
-13 51
-12 49

-14 55
-13 53
-13 51
-14 55

-13 51
-14 55
-14 53
-13 51

-15 57
-14 55
-14 53
-15 57

-14 53
-15 57
-15 55
-14 53

-16 59
-15 57
-15 55
-16 59

